16
0 7 19 10000000 10000000 10000000 10000000 10000000 5 10000000 10000000 8 10000000 10000000 4 12 
10000000 0 23 10000000 10000000 7 21 10000000 10000000 10000000 6 10000000 10000000 10000000 10000000 10000000 
13 10000000 0 10000000 10000000 10000000 10000000 10000000 10000000 10000000 10000000 10000000 10000000 10000000 19 24 
10000000 10000000 10000000 0 10000000 10000000 10000000 10000000 10000000 10000000 10000000 6 10000000 10000000 10000000 10000000 
10000000 7 10000000 19 0 10000000 10000000 10000000 10000000 10000000 10000000 10000000 10000000 10000000 10000000 10000000 
10000000 7 10000000 0 10000000 0 10000000 19 10000000 10000000 7 17 10000000 10000000 10000000 10000000 
10000000 10000000 10000000 10000000 10000000 10000000 0 10000000 2 3 10000000 15 10000000 10000000 2 10000000 
10000000 10000000 10000000 10000000 10000000 10000000 10000000 0 20 21 10000000 10000000 10000000 5 10000000 18 
10000000 10000000 10000000 10000000 6 12 10000000 10000000 0 10000000 10000000 10000000 10000000 10000000 10000000 21 
10000000 12 10000000 10000000 10000000 10000000 10000000 10000000 10000000 0 10000000 10000000 11 0 10000000 8 
10000000 10000000 10000000 8 10000000 10000000 10000000 10000000 10000000 10000000 0 10000000 10000000 10000000 10000000 4 
10000000 10000000 10000000 10000000 12 3 10000000 10000000 10000000 14 10000000 0 10000000 10000000 17 10000000 
10000000 11 10000000 10000000 10000000 10000000 10000000 10000000 10000000 10000000 10000000 10000000 0 10000000 10000000 10000000 
10000000 10000000 10000000 10000000 18 13 10000000 10000000 10000000 10000000 7 10000000 10000000 0 10000000 10000000 
10000000 10000000 12 10000000 4 10000000 10000000 10000000 12 10000000 10000000 10000000 10000000 10000000 0 10000000 
21 10000000 10000000 24 10000000 10000000 20 24 10000000 4 10000000 10000000 10000000 10000000 10000000 0 
