32
0 19 7 28 33 16 11 24 25 24 23 21 29 17 26 15 21 16 15 16 23 15 12 19 19 27 15 24 14 14 17 21 
14 0 12 14 14 5 5 5 8 13 12 2 15 8 14 7 13 5 13 19 17 4 15 15 11 8 7 7 6 12 4 9 
2 15 0 21 29 18 4 20 21 17 19 15 22 10 24 8 14 12 17 18 16 8 14 19 12 21 11 20 7 7 19 18 
8 1 6 0 8 6 4 6 9 14 13 3 1 9 15 8 14 6 9 20 16 5 16 13 12 9 5 8 7 13 5 10 
11 13 17 23 0 18 11 18 18 17 9 15 24 5 24 12 18 2 17 12 23 8 19 17 16 21 9 20 13 13 13 19 
28 22 26 25 24 0 10 10 18 29 27 18 26 20 13 23 15 21 24 29 22 20 31 28 23 22 21 17 22 22 16 14 
21 12 19 26 26 17 0 17 20 19 17 14 27 18 26 19 25 15 19 22 12 11 27 20 16 20 14 19 18 22 16 21 
18 12 16 26 20 1 0 0 19 19 17 14 24 15 9 16 11 12 19 22 12 10 27 18 16 12 11 18 15 20 6 15 
15 8 13 7 15 4 3 3 0 21 19 10 8 8 12 6 12 12 16 25 15 12 23 15 10 15 11 15 14 4 3 15 
13 7 15 13 21 10 6 9 6 0 11 9 14 7 10 12 12 4 0 16 18 0 13 11 3 15 3 14 13 10 9 13 
10 5 8 14 19 10 10 10 13 18 0 7 15 5 16 12 18 2 18 20 16 9 16 9 12 13 1 12 11 11 9 11 
12 7 10 12 20 10 9 9 6 11 10 0 13 6 18 5 11 3 11 17 20 2 13 13 9 6 5 5 4 10 9 7 
24 15 22 29 29 20 3 20 23 22 20 17 0 21 29 22 28 18 22 21 15 14 29 23 19 23 17 22 21 25 19 24 
32 27 30 28 36 25 18 24 21 31 30 20 29 0 33 25 31 23 31 37 30 22 33 33 29 26 25 20 24 25 21 22 
22 16 21 23 11 21 13 20 17 21 20 11 15 7 0 14 2 13 21 16 25 12 24 16 10 17 12 16 15 18 4 18 
19 13 19 13 21 18 7 18 21 15 17 15 14 2 18 0 6 10 15 22 19 6 27 17 4 21 9 20 19 19 13 19 
32 23 30 33 23 28 11 28 26 30 28 23 13 5 12 26 0 25 30 28 23 22 36 22 8 29 24 25 27 23 16 24 
9 11 15 21 25 16 9 16 16 24 7 13 22 3 22 12 18 0 20 21 21 15 17 15 16 19 7 18 11 17 15 17 
13 7 15 21 21 12 12 12 15 9 11 9 19 7 16 14 18 4 0 16 18 0 13 11 12 15 3 14 13 13 11 13 
19 13 18 17 25 18 18 18 19 20 17 15 18 13 20 11 17 10 11 0 24 11 8 13 15 21 9 18 19 15 1 15 
14 0 12 14 14 5 5 5 8 7 12 2 15 8 14 7 13 5 7 10 0 4 15 8 4 8 7 7 6 10 4 9 
13 7 15 21 21 12 12 12 15 9 11 9 19 7 16 14 18 4 9 16 18 0 21 11 12 15 3 14 13 13 11 13 
16 10 18 16 24 15 12 15 13 12 14 12 17 10 14 15 16 7 3 4 21 3 0 7 15 17 6 12 16 9 5 9 
16 13 14 13 18 10 9 9 6 17 16 6 14 12 7 11 9 9 12 23 21 8 19 0 15 10 11 5 10 2 9 2 
24 15 22 29 29 20 3 20 23 22 20 17 30 21 29 22 28 18 22 25 15 14 30 23 0 23 17 22 21 25 19 24 
6 16 4 15 23 13 7 12 9 21 23 18 16 14 21 12 18 16 21 22 19 12 18 23 16 0 15 23 11 11 12 22 
10 4 16 18 18 9 9 9 12 17 8 6 19 4 15 11 17 1 17 22 15 8 18 8 15 12 0 11 10 10 8 10 
16 9 14 8 16 5 4 4 1 17 16 6 9 9 13 7 13 9 12 18 16 8 19 16 11 10 11 0 10 5 4 2 
20 14 20 14 22 19 8 19 22 16 18 16 15 3 19 1 7 11 16 23 19 7 28 18 5 22 10 21 0 20 14 20 
20 15 18 20 28 18 17 17 14 19 18 8 21 14 26 13 19 11 19 25 28 10 21 21 17 14 13 13 12 0 17 11 
18 12 24 25 26 17 17 17 18 25 16 14 26 12 19 19 21 9 24 30 23 16 26 12 23 20 8 17 18 14 0 14 
14 11 12 11 19 8 7 7 4 15 14 4 12 10 16 9 15 7 10 21 19 6 17 17 13 8 9 3 8 8 7 0 
