16
0 7 16 11 8 11 28 30 5 16 13 8 27 16 4 12 
31 0 23 7 25 7 21 26 23 14 6 13 25 14 23 10 
13 20 0 24 21 24 41 43 18 28 26 21 39 28 17 24 
41 16 35 0 18 9 37 28 35 20 16 6 31 20 23 20 
38 7 30 14 0 14 28 33 30 21 13 20 32 21 30 17 
32 7 30 0 18 0 28 19 30 15 7 6 26 15 23 11 
27 13 14 14 6 14 0 33 2 3 10 15 14 3 2 11 
37 25 48 18 23 18 36 0 20 20 12 24 31 5 38 16 
42 13 36 12 6 12 34 31 0 25 19 18 36 25 35 21 
29 12 35 13 18 13 28 32 30 0 7 19 11 0 30 8 
25 20 38 8 26 17 24 28 26 8 0 14 19 8 26 4 
35 10 29 3 12 3 31 22 29 14 10 0 25 14 17 14 
42 11 34 18 36 18 32 37 34 25 17 24 0 25 34 21 
32 20 43 13 18 13 31 32 33 15 7 19 26 0 33 11 
25 11 12 18 4 18 32 37 12 25 17 24 36 25 0 21 
21 16 34 17 22 17 20 24 22 4 11 23 15 4 22 0 
