64
0 10000000 10000000 10000000 10000000 10000000 10000000 10000000 2 11 10000000 10000000 10000000 3 10000000 10000000 10000000 10000000 10000000 10000000 10000000 10000000 10000000 10000000 10000000 10000000 10000000 10000000 5 4 5 10000000 10000000 10000000 10000000 10000000 10000000 10000000 4 10000000 10000000 10000000 10000000 10000000 10000000 10000000 10000000 9 20 5 9 10000000 10000000 10 22 10000000 10000000 10000000 7 10000000 10000000 17 10000000 10000000 
10000000 0 10000000 10000000 10000000 10000000 10000000 10000000 10000000 10000000 10000000 10000000 10000000 10000000 10000000 10000000 11 10 10000000 22 10000000 10000000 10000000 10000000 10000000 10000000 5 4 10000000 10000000 10000000 10000000 23 10000000 10000000 10000000 10000000 10 10000000 10000000 10000000 10000000 10000000 10000000 12 10000000 10000000 10000000 10000000 10000000 10000000 10000000 10000000 10000000 10000000 14 8 10000000 8 10000000 10000000 10000000 10000000 10000000 
10000000 10000000 0 10000000 10000000 10000000 24 22 10000000 10000000 1 10000000 10000000 10000000 10000000 10000000 10000000 10000000 10000000 8 10000000 10000000 21 10000000 10000000 10000000 10000000 10000000 10000000 12 10000000 14 10000000 10000000 13 12 10000000 10000000 10000000 10000000 12 1 10000000 0 10000000 10000000 10000000 10000000 10000000 10000000 10000000 10000000 10000000 10000000 10000000 10000000 3 10000000 10000000 17 10000000 10000000 10000000 10000000 
10000000 10000000 10000000 0 10000000 15 10000000 10000000 10000000 20 10000000 24 10000000 10000000 10000000 13 10000000 10000000 10000000 10000000 10000000 10000000 10000000 10000000 21 10000000 10000000 10000000 10000000 10000000 10000000 10000000 10000000 10000000 10000000 10000000 17 10000000 10000000 10000000 10000000 10000000 10000000 10000000 10000000 10000000 10000000 10000000 16 19 21 10000000 10000000 10000000 10000000 10000000 10000000 0 9 10000000 10000000 10000000 10000000 10000000 
10000000 14 10000000 23 0 10000000 10000000 10000000 10000000 10000000 10000000 0 15 10000000 10000000 10000000 10000000 5 10000000 10000000 10000000 22 10000000 21 10000000 10000000 10000000 10000000 10000000 10000000 10000000 24 10000000 10000000 10000000 22 20 10000000 7 7 10000000 10000000 10000000 10000000 10000000 5 10000000 10000000 10000000 10000000 10000000 10000000 18 10000000 5 10000000 10000000 10000000 10000000 19 22 10000000 10000000 10000000 
10000000 10000000 10000000 10000000 10000000 0 3 11 10000000 17 20 13 10000000 10000000 10000000 10000000 10000000 10000000 10000000 10000000 10000000 6 10000000 10000000 10000000 10000000 3 10000000 0 10000000 10000000 10000000 10000000 10000000 10000000 10000000 10000000 10000000 10000000 10000000 10000000 10000000 10000000 10000000 10000000 19 6 10000000 10000000 10000000 10000000 10000000 10000000 10000000 15 10000000 10000000 10000000 10000000 10000000 10000000 10000000 6 10000000 
10000000 10000000 10000000 2 10000000 23 0 10000000 10000000 10000000 10000000 8 10000000 10000000 10000000 10000000 10000000 18 10000000 19 10000000 0 10000000 10000000 10000000 10000000 10000000 10000000 3 10000000 10000000 10000000 10000000 10000000 10000000 10000000 10000000 5 10000000 10000000 10000000 10000000 10000000 10000000 10000000 10000000 10000000 10000000 10000000 10000000 17 10000000 10000000 10000000 10000000 10000000 10000000 10000000 10000000 10000000 10000000 8 10000000 6 
10000000 10000000 10000000 10000000 10000000 10000000 10000000 0 10000000 10000000 10000000 10000000 10000000 10000000 10000000 10000000 10000000 23 10000000 10000000 20 5 10000000 10000000 10000000 10000000 10000000 10000000 10000000 17 10000000 10000000 4 10000000 10000000 24 10 10000000 24 10000000 10 10000000 22 10000000 10000000 10000000 10000000 10000000 10000000 20 16 10000000 10000000 20 10000000 10000000 10000000 10000000 10000000 10000000 10000000 10000000 24 10000000 
6 11 10000000 10000000 10000000 10000000 5 10000000 0 10000000 10000000 10000000 12 10000000 10000000 10000000 10000000 10000000 5 10000000 10000000 10000000 10000000 10000000 6 10000000 21 10000000 10000000 10000000 10000000 10000000 10000000 10000000 10000000 10000000 10000000 10000000 10000000 10000000 18 6 10000000 1 13 10000000 6 14 10000000 10000000 10000000 10000000 10000000 10000000 10000000 10 16 6 10000000 10000000 10000000 10000000 10000000 10000000 
10000000 10000000 10000000 8 17 10000000 10000000 10000000 10000000 0 10000000 10000000 0 3 0 10000000 10000000 10000000 10000000 1 10000000 10000000 10000000 10000000 24 10000000 8 10000000 10000000 10000000 10000000 10 10000000 10000000 10000000 10000000 10000000 18 10000000 10000000 10000000 10000000 10000000 4 10000000 10000000 10000000 10000000 10000000 10000000 10000000 10000000 10000000 7 10000000 10000000 10000000 20 10000000 10000000 10000000 10000000 10000000 10000000 
10000000 10000000 10000000 10000000 7 10000000 10000000 10000000 10000000 10000000 0 10000000 10000000 10000000 10000000 10000000 10000000 10000000 10000000 10000000 10000000 10000000 10000000 10000000 10000000 10000000 10000000 10000000 10000000 10000000 17 10000000 14 10000000 10000000 10000000 10000000 10000000 10000000 5 10000000 10000000 10000000 10000000 10000000 10000000 10000000 10000000 10000000 10000000 10 10000000 13 3 10000000 10000000 10000000 10000000 10000000 10000000 10000000 10000000 10000000 10000000 
10000000 10000000 16 10000000 10000000 10000000 10000000 10000000 10000000 10000000 10000000 0 10000000 10000000 10000000 10000000 10000000 10000000 10000000 10000000 10000000 10000000 10000000 10000000 10000000 10000000 10000000 10000000 10000000 10000000 9 16 10000000 10000000 10000000 10000000 10000000 10000000 10000000 2 10000000 10000000 1 10000000 10000000 0 7 10000000 10000000 10000000 10000000 10000000 10000000 23 10000000 9 10000000 10000000 10000000 2 10000000 10000000 20 10000000 
10000000 10000000 10000000 11 24 10000000 10000000 10000000 10000000 10000000 10000000 21 0 10000000 10000000 10000000 10000000 10000000 10000000 10000000 10000000 10000000 10000000 10000000 10000000 23 0 22 10000000 10000000 12 10000000 10000000 10000000 10000000 10000000 10000000 10000000 24 10000000 10000000 10000000 10000000 10000000 10000000 10000000 10000000 10000000 10000000 10000000 10000000 10000000 10000000 10000000 10000000 7 10000000 10000000 10000000 6 10000000 10000000 10000000 10000000 
10000000 10000000 10000000 10000000 10000000 10000000 10000000 11 10000000 10000000 11 10000000 10000000 0 10000000 10000000 10000000 10000000 10000000 10000000 10 10000000 10000000 10000000 10000000 10000000 10000000 10000000 10000000 10000000 14 10000000 3 1 10000000 10000000 10000000 6 10000000 17 10000000 10000000 10000000 10000000 10000000 10000000 10000000 10000000 18 10000000 10000000 10000000 10000000 10000000 10000000 10000000 11 10000000 10000000 10000000 0 10000000 10000000 17 
13 15 10000000 14 10000000 22 10000000 10000000 10000000 10000000 10000000 10000000 10000000 10000000 0 10000000 10000000 10000000 2 10000000 10000000 10000000 10000000 10000000 8 11 10000000 19 10000000 10000000 10000000 10000000 10000000 10000000 10000000 10000000 10000000 10000000 10000000 10000000 10000000 10000000 10000000 10000000 10000000 8 10000000 3 10000000 10000000 10000000 10000000 10000000 10000000 10000000 9 10000000 10000000 10000000 10000000 10000000 10000000 10000000 10000000 
10000000 10000000 10000000 10000000 23 10000000 23 22 10000000 10000000 10000000 18 23 10000000 15 0 10000000 13 10000000 10000000 10000000 13 21 10000000 10000000 10000000 10000000 10000000 10000000 20 10000000 20 3 10000000 10000000 10000000 10000000 10000000 10000000 10000000 10000000 5 10000000 10000000 10000000 10000000 10000000 22 10000000 11 10000000 10000000 10000000 10000000 10000000 10000000 10000000 10000000 10000000 10000000 10000000 10000000 10000000 10000000 
10000000 22 10000000 10000000 10000000 10000000 10000000 3 10000000 19 6 7 10000000 10000000 10000000 10000000 0 10 0 10000000 10000000 10000000 6 10000000 10000000 10000000 19 10000000 10000000 10000000 10000000 10000000 1 10000000 10000000 10 10000000 13 10000000 5 10000000 10000000 10000000 10000000 10000000 10000000 23 10000000 10000000 10000000 10000000 10000000 5 10000000 10000000 10000000 10000000 10000000 10000000 20 10000000 20 7 10000000 
10000000 10000000 10000000 10000000 10000000 17 10000000 10000000 10000000 10000000 10000000 10000000 10000000 10 9 13 10000000 0 10000000 10000000 10000000 10000000 21 10000000 10000000 10000000 10000000 10 19 5 10000000 10000000 10000000 10000000 10000000 24 10000000 10000000 10000000 10000000 17 10000000 10000000 13 10000000 10000000 17 10000000 24 10000000 4 10000000 10000000 10000000 10000000 8 10000000 10000000 10000000 10000000 10000000 10000000 3 19 
10000000 10000000 10000000 10000000 10000000 10000000 16 10000000 10000000 11 10000000 10000000 10000000 10000000 10000000 10000000 10000000 10000000 0 23 11 10000000 10000000 10000000 10000000 10000000 7 10000000 10000000 24 10000000 6 10000000 10000000 10000000 17 10000000 10000000 10000000 10000000 23 10000000 10000000 10000000 23 10000000 10000000 10000000 10000000 10 10000000 10000000 10000000 22 0 10000000 10000000 10000000 10000000 10000000 10000000 10000000 10000000 10000000 
7 10000000 10000000 10000000 10000000 10000000 10000000 10000000 2 2 10000000 10000000 10000000 7 2 10000000 10000000 10000000 10000000 0 5 5 10000000 10000000 10000000 10000000 10000000 10000000 10000000 10000000 10000000 10000000 10000000 10000000 5 10000000 10000000 10000000 11 11 10000000 10000000 10000000 10000000 10000000 10000000 10000000 10000000 10000000 10000000 10000000 10000000 22 10000000 10000000 10000000 1 10000000 10000000 4 20 10000000 10000000 1 
10000000 10000000 18 8 10000000 10000000 10000000 10000000 10000000 17 10000000 10000000 10000000 10000000 10000000 10000000 24 10000000 10000000 10000000 0 7 10000000 10000000 10 10000000 22 10000000 10000000 10000000 10000000 21 10000000 10000000 17 8 10000000 10000000 10000000 3 10000000 10000000 11 10000000 10000000 5 10000000 24 10000000 14 10000000 10000000 10000000 10000000 10000000 10000000 10000000 10000000 14 11 10000000 10000000 10000000 10000000 
19 10000000 10000000 10000000 10000000 10000000 10000000 10000000 10000000 6 10000000 1 10000000 10000000 10000000 10000000 10000000 16 10000000 10000000 10000000 0 10000000 10000000 4 10000000 10000000 10000000 10000000 19 10000000 10000000 10000000 10000000 10000000 10000000 10000000 10000000 10000000 10000000 10000000 17 10000000 10000000 10000000 21 10000000 10000000 10000000 10000000 20 10000000 23 10000000 10000000 10000000 10000000 10000000 10000000 10000000 10000000 10000000 10000000 10000000 
7 10000000 10000000 10000000 10000000 10000000 10000000 14 10000000 10000000 24 10000000 10000000 10000000 10000000 7 10000000 10000000 10000000 10000000 21 10000000 0 10000000 10000000 10000000 10000000 10000000 10000000 0 10000000 18 10000000 10000000 10000000 10000000 10000000 16 10000000 10000000 10000000 10000000 10000000 10000000 10000000 14 10000000 10000000 10000000 10000000 10000000 10000000 10000000 10000000 10000000 10000000 10000000 10000000 10000000 10000000 10000000 10000000 7 16 
10000000 13 10000000 10000000 2 10000000 10000000 10000000 13 14 6 10000000 10000000 10000000 21 10000000 10000000 10000000 10000000 10000000 10000000 10000000 10000000 0 10000000 10000000 10000000 10000000 10000000 10000000 17 10000000 10000000 10000000 10000000 10000000 10000000 10000000 10000000 10 10000000 7 10000000 10000000 10000000 10000000 10000000 10000000 10000000 10000000 10000000 10000000 10000000 10000000 10000000 10000000 10000000 10000000 10000000 10000000 10000000 14 10000000 10000000 
23 10000000 10000000 10000000 10000000 10000000 10000000 10000000 10000000 10000000 17 10000000 10000000 10000000 10000000 10000000 10000000 10000000 10000000 10000000 10000000 10000000 10000000 10000000 0 12 13 10000000 10000000 11 10000000 10000000 10 10000000 10000000 10000000 10000000 13 10000000 10000000 10000000 10000000 10000000 10000000 10000000 10000000 10000000 4 10000000 10000000 10000000 10000000 22 10000000 10000000 10000000 10000000 18 10000000 10000000 10000000 10000000 20 7 
22 10000000 10000000 10000000 10000000 10000000 10000000 15 10000000 6 10000000 10000000 10000000 10000000 10000000 10000000 10000000 10000000 10000000 10000000 10000000 10000000 10000000 10000000 10000000 0 10000000 10000000 10000000 10000000 11 10000000 11 17 15 19 10000000 10000000 10000000 10000000 10000000 10000000 10000000 24 0 10000000 10000000 10000000 10000000 10000000 10000000 12 10000000 10000000 2 10000000 10000000 10000000 10000000 10000000 10000000 10000000 10000000 10000000 
10000000 10000000 10000000 10000000 10000000 10000000 10000000 10000000 10000000 6 10000000 10000000 1 10000000 10000000 10000000 10000000 10000000 10000000 10000000 10000000 10000000 10000000 10000000 10000000 10000000 0 10000000 10000000 10000000 10000000 10000000 10000000 2 10000000 10000000 10000000 10000000 10000000 10000000 10000000 10000000 10000000 10000000 16 23 10000000 10000000 10000000 10000000 14 10000000 10000000 18 22 10000000 10000000 10000000 10000000 10000000 10000000 10000000 10000000 10000000 
10000000 10000000 10000000 10000000 10000000 24 21 10000000 0 10000000 10000000 5 10000000 10000000 10000000 10000000 10000000 20 10000000 23 10000000 10000000 10000000 10000000 10000000 10000000 10000000 0 10000000 9 18 10000000 8 10000000 5 11 10000000 10000000 10000000 10000000 10000000 18 10000000 10000000 10000000 10000000 10000000 10000000 10000000 8 10000000 10000000 10000000 10000000 10000000 10 10000000 10000000 10000000 10000000 10000000 10000000 10000000 10000000 
13 10000000 13 10000000 10000000 17 10000000 10000000 10000000 10000000 10000000 10000000 10000000 10000000 10000000 10000000 6 10000000 10000000 10000000 0 10000000 10000000 10000000 10000000 10000000 10000000 3 0 10000000 10000000 10000000 10000000 10000000 10000000 10000000 10000000 10000000 10000000 17 11 10000000 10000000 10000000 10000000 10000000 3 10000000 10000000 10000000 22 10000000 10000000 10000000 15 10000000 10000000 10000000 21 10000000 10000000 10000000 10000000 10000000 
10000000 1 10000000 10000000 10000000 10000000 10000000 3 10000000 10000000 10000000 10000000 10000000 10000000 10000000 10000000 10000000 4 10000000 10000000 17 10000000 11 10000000 10000000 8 10000000 22 21 0 10000000 10000000 10000000 10000000 10000000 10000000 10000000 10000000 3 10000000 10000000 10000000 10000000 10000000 4 10000000 10000000 10000000 10000000 10000000 10000000 10000000 10000000 10000000 10000000 10000000 10000000 10000000 10000000 4 10000000 10000000 10000000 11 
10000000 10000000 1 10000000 19 10000000 18 10000000 10000000 2 10000000 10000000 10 10000000 10000000 10000000 10000000 10000000 12 10000000 10000000 10 10000000 10000000 10000000 22 13 10000000 10000000 10000000 0 10000000 11 24 10000000 10000000 10000000 12 10000000 10000000 10000000 10000000 14 7 10000000 10000000 10000000 0 10000000 10000000 10000000 10000000 10000000 10000000 10000000 17 10000000 20 9 10000000 18 10000000 15 10000000 
10000000 17 10000000 10000000 10000000 10000000 10000000 10000000 10000000 10000000 10000000 10000000 10000000 10000000 10000000 22 10000000 10000000 2 10000000 10000000 10000000 10000000 10000000 10000000 23 10000000 10000000 10000000 10000000 10000000 0 8 10000000 10000000 10000000 2 10 10000000 10000000 10000000 10000000 10000000 10000000 23 10000000 10000000 10000000 10000000 10000000 10000000 10000000 10000000 10 10000000 10000000 6 10000000 10000000 10000000 1 10000000 10000000 10000000 
10000000 10000000 10000000 10000000 10000000 10000000 10000000 10000000 21 10000000 10000000 10000000 10000000 10000000 10000000 10000000 10000000 10000000 10000000 10000000 10000000 10000000 10000000 10000000 10000000 10000000 10000000 10000000 10000000 10000000 10000000 19 0 18 10000000 10000000 10000000 4 10000000 10000000 18 10000000 10000000 10000000 10000000 10000000 10000000 10000000 10000000 10000000 10000000 10 6 10000000 13 10000000 10000000 10000000 10000000 10000000 10000000 10000000 10000000 10000000 
10000000 10000000 10000000 3 10000000 10000000 10000000 10000000 2 10000000 10000000 19 10000000 10000000 10000000 10000000 10000000 8 10000000 10000000 10000000 10000000 10000000 10 10000000 10000000 10000000 10000000 10000000 10000000 15 10000000 10000000 0 16 9 11 10000000 10000000 10000000 10000000 10000000 13 10000000 10000000 10000000 10000000 10000000 10000000 8 10000000 23 10000000 10000000 5 10000000 10000000 10000000 10000000 10000000 10000000 10000000 10000000 10000000 
10000000 10000000 10000000 10000000 5 10000000 10000000 10000000 10000000 10000000 10000000 10000000 10000000 10000000 9 10000000 24 10000000 20 10000000 10000000 10000000 10000000 10000000 17 10000000 10000000 10000000 10000000 10000000 12 10000000 10000000 10000000 0 10000000 10000000 10000000 10000000 10000000 10000000 10000000 10000000 10000000 10000000 10000000 10000000 10000000 22 10000000 10000000 21 10000000 10000000 10000000 10000000 10000000 10000000 10000000 10000000 10000000 10000000 14 4 
10000000 10000000 10000000 10000000 4 10000000 10000000 10000000 10000000 3 10000000 10000000 23 10000000 10000000 10000000 10000000 10000000 10000000 10000000 10000000 10000000 16 10000000 10000000 10000000 10000000 10000000 10000000 10000000 10000000 10000000 10000000 10000000 9 0 10000000 10000000 5 10000000 10000000 10000000 10000000 10000000 10000000 20 20 10000000 10000000 3 10000000 11 10000000 10000000 10000000 10000000 10000000 10000000 10000000 10000000 10000000 10000000 15 12 
10000000 10000000 6 10000000 10000000 10000000 24 10000000 10000000 10000000 10000000 15 10000000 10000000 0 10000000 10000000 10000000 10000000 10000000 10000000 6 10000000 10000000 10000000 10000000 14 10000000 10000000 5 7 10000000 10000000 10000000 10000000 10000000 0 10000000 10000000 10000000 16 10000000 10000000 10000000 10000000 11 23 10000000 10000000 16 10000000 12 10000000 10000000 10000000 10000000 10000000 10000000 10000000 21 10000000 10000000 10000000 10000000 
17 10000000 10000000 19 10000000 10000000 10000000 10000000 10000000 10000000 10000000 10000000 17 10000000 10000000 10000000 20 10000000 10000000 10000000 19 10000000 10000000 10000000 10000000 10000000 1 10000000 10000000 10000000 10000000 10000000 10000000 15 18 10000000 10000000 0 10000000 10000000 22 10000000 10000000 10000000 4 10000000 5 10000000 10000000 10000000 22 8 10000000 10000000 10000000 10000000 10000000 10000000 10000000 10000000 10000000 10000000 3 15 
10000000 10000000 21 10000000 10000000 10000000 10000000 3 10000000 10000000 10000000 12 23 10000000 13 10000000 10000000 6 10000000 10000000 6 10000000 23 21 1 10000000 10000000 10000000 10000000 10000000 10000000 10000000 10000000 10000000 10000000 18 10000000 10000000 0 10000000 10000000 12 10000000 10000000 10000000 10000000 10000000 10000000 10000000 16 10000000 9 1 10000000 10000000 10000000 23 10000000 10000000 10000000 20 1 21 10000000 
10000000 10000000 10000000 10000000 10000000 10000000 9 10000000 10000000 10000000 13 9 10000000 10000000 10000000 10000000 10000000 10000000 10000000 10000000 10000000 10000000 10000000 10000000 10000000 10000000 10000000 10000000 13 6 16 10000000 20 10000000 10000000 10000000 10000000 10 10000000 0 4 10000000 10000000 10000000 10000000 10000000 10000000 17 10000000 10000000 10000000 10000000 10000000 10000000 17 10000000 10000000 10000000 10000000 10000000 10000000 10000000 10000000 10000000 
10000000 10000000 10000000 10000000 2 6 10000000 10000000 10000000 10000000 10000000 10000000 10000000 10000000 10000000 10000000 4 10000000 10000000 10000000 10000000 10000000 10000000 10000000 10000000 10000000 10000000 10000000 10000000 12 10000000 10000000 10000000 10000000 10000000 9 10000000 21 10000000 22 0 10000000 10000000 10000000 10000000 14 8 10000000 10000000 10000000 10000000 10000000 10000000 10000000 10000000 10000000 10 10000000 10000000 10000000 10000000 10000000 10000000 10000000 
10000000 24 10000000 10000000 10000000 10000000 10000000 1 6 10000000 10000000 10000000 10 10000000 10000000 10000000 10000000 10000000 10000000 10000000 10000000 10000000 10000000 10000000 21 10000000 10000000 10000000 10000000 10000000 10000000 10000000 10000000 10000000 10000000 10000000 10000000 10000000 10000000 10000000 10000000 0 18 10000000 10000000 11 10000000 10000000 10000000 10000000 22 10000000 10000000 10000000 4 10000000 10000000 9 10000000 10000000 20 10000000 10000000 10000000 
10000000 10000000 10000000 10000000 24 10000000 10000000 10000000 16 21 10000000 10000000 10000000 10000000 10000000 10000000 10000000 10000000 10000000 10000000 10000000 10000000 10 10000000 10000000 10000000 10000000 10000000 10000000 1 10000000 10000000 10000000 18 10000000 10000000 10000000 10000000 10000000 10000000 10000000 10000000 0 21 24 10000000 10000000 10000000 10000000 10000000 10000000 24 10000000 10000000 8 10000000 10000000 10000000 10000000 5 10000000 10000000 10000000 10000000 
10000000 10000000 10000000 10000000 10000000 10000000 10000000 10000000 10000000 20 10000000 10000000 10000000 10000000 10000000 10000000 17 10000000 9 15 10000000 10000000 10000000 1 10000000 10000000 10000000 10000000 10000000 10000000 10000000 10000000 10000000 19 10000000 10000000 10000000 17 10000000 10000000 10000000 10000000 10000000 0 10000000 13 1 10000000 3 10000000 10000000 10000000 10000000 10000000 2 10000000 10000000 10000000 10 10000000 10000000 10000000 10000000 10000000 
14 15 10000000 7 10000000 10000000 10000000 10000000 15 6 12 10000000 21 10000000 10000000 10000000 10000000 10000000 10000000 10000000 10000000 10000000 10000000 10000000 10000000 10000000 10000000 10000000 10000000 10000000 10000000 10000000 10000000 22 10000000 10000000 10000000 10000000 10000000 10000000 10000000 10000000 10000000 10000000 0 24 1 12 7 10000000 1 10000000 13 12 10000000 10000000 10000000 10000000 21 10000000 10000000 10000000 10000000 10000000 
10000000 10000000 10000000 17 10000000 10000000 10000000 10000000 10000000 10000000 10000000 10000000 10000000 10000000 12 10000000 8 10000000 10 10000000 11 10000000 10000000 10000000 10000000 10000000 10000000 11 10000000 22 10000000 10000000 10000000 10000000 13 2 10000000 24 10000000 10000000 10000000 10000000 10000000 16 10000000 0 10000000 10000000 10000000 10000000 10000000 10000000 10000000 20 10000000 10000000 10000000 10000000 10000000 10000000 10000000 10000000 10000000 10000000 
10000000 10000000 10000000 10000000 10000000 10000000 10000000 18 10000000 10000000 19 10000000 10000000 10000000 10000000 10000000 10000000 10000000 10000000 10000000 10000000 10000000 10000000 10000000 10000000 13 10000000 24 10000000 10000000 10000000 10000000 10000000 10000000 14 10000000 10000000 10000000 10000000 10000000 6 10000000 10000000 10000000 10000000 10000000 0 10000000 10000000 10000000 10000000 4 17 21 17 10000000 5 10000000 10000000 10000000 10000000 10000000 11 10000000 
10000000 10000000 10000000 10000000 10000000 10000000 10000000 10000000 10000000 16 10000000 17 10000000 7 10000000 10000000 10000000 22 10000000 10000000 10000000 10000000 10000000 10000000 10000000 10000000 10000000 10000000 10000000 17 10000000 10000000 10000000 10000000 10000000 10000000 10000000 10000000 10000000 9 10000000 10000000 10000000 10000000 10000000 10000000 10000000 0 10000000 19 10000000 0 9 10000000 10000000 10000000 10000000 10000000 10000000 10000000 10000000 10000000 10000000 5 
10000000 10000000 17 10000000 10000000 19 10000000 10000000 10000000 10000000 10000000 10000000 10000000 10000000 10000000 10000000 10000000 10000000 10000000 10000000 10000000 10000000 10000000 10000000 10000000 10000000 10000000 11 10000000 10000000 0 10000000 10000000 10000000 10000000 10000000 10000000 13 10000000 10000000 10000000 10000000 10000000 10000000 10000000 18 16 10000000 0 10000000 14 10000000 10000000 4 10000000 10000000 24 10000000 10000000 10000000 10000000 10000000 10000000 10000000 
10000000 10000000 10000000 10000000 10000000 10000000 10000000 10000000 10000000 10000000 10000000 6 10000000 10000000 10000000 10000000 2 10000000 10000000 10000000 10000000 10000000 21 9 10000000 6 3 12 10000000 10000000 10000000 10 10000000 10000000 10000000 19 10000000 21 22 10000000 10000000 10000000 10000000 10000000 10000000 10000000 10000000 4 10000000 0 10000000 10000000 10000000 10000000 10000000 11 10000000 14 10000000 4 10000000 3 10000000 1 
10000000 10000000 10000000 10000000 13 10000000 10000000 10000000 10000000 10000000 10000000 10000000 10000000 10000000 10000000 10000000 10000000 10000000 3 19 10000000 10000000 12 18 12 8 10000000 8 12 10000000 10000000 3 10 10000000 10000000 12 10000000 10000000 15 10000000 10000000 10000000 15 10000000 10000000 10000000 10000000 3 10000000 10000000 0 10000000 10000000 10000000 10000000 7 10000000 10000000 10000000 10000000 10000000 3 10000000 9 
10000000 10000000 10000000 10000000 10000000 10000000 10000000 18 10000000 10000000 10 10000000 10000000 10000000 10000000 10000000 10000000 10000000 10000000 10000000 17 10000000 19 10000000 10000000 10000000 10000000 10000000 10000000 10000000 10000000 10000000 10000000 10000000 1 10000000 10000000 3 22 3 10000000 3 20 10000000 10000000 10000000 10000000 10000000 10000000 10000000 2 0 10000000 10000000 10000000 20 10000000 10000000 10000000 10000000 10000000 10000000 10000000 10000000 
10000000 10000000 22 10000000 10000000 10000000 10000000 15 10000000 3 10000000 10000000 10000000 10000000 10000000 0 10000000 5 10000000 10000000 10000000 10000000 10000000 10000000 6 10000000 10000000 10000000 23 21 10000000 10000000 2 10000000 4 10000000 10000000 10000000 10000000 10000000 10000000 10000000 10000000 10000000 10000000 10000000 22 10000000 5 10000000 10000000 10000000 0 18 10000000 10000000 10000000 10000000 10000000 24 10000000 10000000 3 24 
7 10000000 10000000 10000000 21 10000000 10000000 10000000 10000000 10000000 10000000 10000000 10000000 10000000 10000000 10000000 10000000 10000000 14 10000000 10000000 10000000 10000000 10000000 10000000 10000000 10000000 10000000 10000000 20 10000000 10000000 7 10000000 10000000 15 10000000 12 10000000 10000000 15 10000000 24 13 10000000 10000000 10000000 10000000 10000000 10000000 2 10000000 10000000 0 10000000 10000000 10000000 10000000 10000000 10000000 10000000 22 10000000 10000000 
10000000 10000000 10000000 9 10000000 2 9 13 18 10000000 10000000 10 10000000 19 10000000 10000000 10000000 3 10000000 14 10000000 10000000 10000000 10000000 10000000 8 10000000 10000000 10000000 10000000 10000000 10000000 10000000 10000000 10000000 10000000 10000000 10000000 10000000 10000000 10000000 10000000 10000000 10000000 10000000 10000000 6 12 10000000 10000000 12 10000000 10000000 10000000 0 10000000 1 8 18 10000000 12 0 10000000 10000000 
10000000 10000000 10000000 10000000 10000000 10000000 10000000 10000000 10000000 10000000 10000000 17 10000000 10000000 10000000 10000000 10000000 10000000 10000000 10000000 10000000 10000000 10000000 10000000 10000000 10000000 10000000 10000000 3 10000000 10000000 10000000 10000000 10000000 10000000 10000000 10000000 10000000 11 19 10000000 10000000 10000000 10000000 10000000 10000000 10000000 10000000 10000000 10000000 10000000 1 10000000 10000000 10000000 0 10000000 10000000 10000000 10000000 10000000 10000000 10000000 10000000 
10000000 10000000 10000000 10000000 10000000 2 10000000 10000000 10000000 10000000 10000000 10000000 10000000 10000000 15 10000000 10000000 0 10000000 10000000 10000000 10000000 10000000 10000000 15 11 0 9 10000000 10000000 10000000 10000000 10000000 10000000 10000000 10000000 1 10000000 10000000 10000000 10000000 12 22 10000000 10000000 10000000 10000000 10000000 10000000 21 10000000 3 10000000 10000000 10000000 10000000 0 2 10000000 8 10000000 10000000 10000000 20 
10000000 10000000 10000000 10000000 10000000 10000000 10000000 10000000 10000000 10000000 10000000 10000000 10000000 10000000 10000000 10000000 10000000 11 10000000 10000000 10000000 10000000 10000000 10000000 10000000 10000000 10000000 3 10000000 10000000 1 10000000 10000000 11 4 10000000 11 10000000 13 10000000 10000000 10000000 10000000 10000000 10000000 10000000 13 10000000 10000000 10000000 10000000 10000000 10000000 10000000 10000000 10000000 10000000 0 10000000 10000000 11 10000000 10000000 10000000 
10000000 10000000 10000000 10000000 18 10000000 10000000 10000000 10000000 10000000 10000000 10000000 10000000 13 10000000 10000000 10000000 7 10000000 10000000 10000000 10000000 19 10000000 10 10000000 10000000 10000000 23 10000000 10000000 10000000 10000000 7 10000000 10000000 10000000 22 10000000 10000000 10000000 10000000 10000000 10000000 10000000 10000000 10000000 10000000 10000000 10000000 1 10000000 10000000 0 10000000 10000000 10000000 10000000 0 10000000 10000000 10000000 10000000 19 
10000000 10000000 10000000 10000000 4 5 10000000 10000000 10000000 10000000 10000000 10000000 10000000 10000000 16 19 13 10000000 10000000 10000000 10000000 10000000 10000000 10000000 10000000 10000000 9 10000000 10000000 10000000 17 10000000 10000000 15 10000000 10000000 10000000 10000000 10000000 10000000 5 10000000 10000000 10000000 10000000 10000000 10000000 10000000 23 16 10000000 10000000 10000000 10000000 10000000 10000000 10000000 23 10000000 0 10000000 10000000 3 10000000 
1 10000000 10000000 10000000 10000000 14 22 10000000 10000000 10000000 10000000 10000000 10000000 10000000 10000000 10000000 10000000 10000000 10000000 10000000 10000000 12 10000000 10000000 10000000 24 10000000 10000000 10000000 10000000 2 10000000 2 21 3 18 10000000 10000000 10000000 10000000 10000000 10000000 10000000 10000000 10000000 10000000 10000000 10000000 16 10000000 10000000 10000000 10000000 10000000 10000000 10000000 10000000 10000000 10000000 10000000 0 10000000 9 0 
10000000 10000000 10000000 21 10000000 10 16 5 10000000 10000000 22 10000000 10000000 4 10000000 10000000 15 10000000 10000000 10000000 10000000 10000000 10000000 10000000 10000000 10000000 12 10000000 24 10000000 10000000 9 10000000 10000000 20 6 10000000 10000000 10000000 10000000 10000000 0 24 10000000 17 10000000 10000000 5 10000000 10000000 10000000 10 4 10000000 10000000 10000000 20 10000000 10000000 7 9 0 10000000 10000000 
10000000 10000000 5 10000000 10000000 10000000 7 10000000 10000000 10000000 10000000 10000000 10000000 10000000 14 10000000 10000000 4 10000000 11 10000000 7 5 2 10000000 10000000 15 10000000 10000000 10000000 10000000 10000000 10000000 10000000 10000000 24 10000000 10000000 10000000 10000000 10000000 10000000 10000000 8 12 10000000 10000000 10000000 8 10000000 10000000 0 10000000 16 10000000 10000000 10000000 17 10000000 10000000 10000000 10000000 0 10000000 
10000000 10000000 10000000 10000000 10000000 10000000 10000000 10000000 10000000 10000000 10000000 10000000 10000000 22 10000000 10000000 10000000 10000000 10000000 10000000 10000000 10000000 0 10000000 10000000 10000000 10 10000000 10000000 10000000 10000000 10000000 10000000 10000000 5 10000000 10000000 10000000 23 10000000 5 10000000 10000000 10000000 17 20 1 10000000 10000000 10000000 10000000 10000000 3 10000000 10000000 10000000 10000000 10000000 10000000 10000000 10000000 10000000 10000000 0 
