32
0 10000000 7 10000000 10000000 16 10000000 10000000 10000000 10000000 10000000 10000000 10000000 10000000 10000000 10000000 10000000 10000000 10000000 10000000 10000000 10000000 12 10000000 10000000 10000000 15 10000000 10000000 21 10000000 10000000 
10000000 0 23 10000000 14 5 10000000 5 10000000 10000000 10000000 2 10000000 10000000 10000000 10000000 10000000 10000000 10000000 10000000 10000000 10000000 10000000 10000000 10000000 10000000 14 10000000 10000000 10000000 4 10000000 
2 10000000 0 10000000 10000000 10000000 4 10000000 10000000 10000000 24 10000000 10000000 10000000 10000000 10000000 10000000 10000000 10000000 10000000 10000000 8 10000000 10000000 10000000 10000000 10000000 10000000 7 7 10000000 10000000 
15 1 6 0 8 10000000 10000000 10000000 15 10000000 10000000 5 1 10000000 10000000 10000000 10000000 10000000 9 10000000 10000000 14 10000000 10000000 10000000 18 5 10000000 8 10000000 10000000 10000000 
10000000 10000000 10000000 10000000 0 10000000 10000000 10000000 10000000 10000000 10000000 10000000 10000000 10000000 10000000 12 10000000 2 10000000 12 10000000 8 10000000 10000000 10000000 10000000 10000000 10000000 10000000 13 10000000 10000000 
10000000 10000000 10000000 10000000 10000000 0 10000000 10 10000000 10000000 10000000 10000000 10000000 10000000 13 10000000 10000000 10000000 10000000 10000000 10000000 10000000 10000000 10000000 10000000 10000000 10000000 10000000 10000000 10000000 10000000 14 
10000000 10000000 19 10000000 10000000 10000000 0 10000000 10000000 10000000 17 10000000 10000000 10000000 10000000 10000000 10000000 10000000 10000000 10000000 12 11 10000000 10000000 10000000 10000000 24 10000000 23 10000000 10000000 10000000 
10000000 10000000 10000000 10000000 10000000 1 0 0 10000000 10000000 10000000 10000000 10000000 22 9 10000000 10000000 10000000 10000000 10000000 19 10 10000000 10000000 10000000 12 11 10000000 15 10000000 6 22 
10000000 10000000 10000000 7 10000000 10000000 10000000 3 0 10000000 10000000 10000000 10000000 10000000 10000000 6 10000000 10000000 10000000 10000000 10000000 10000000 10000000 10000000 10000000 10000000 10000000 10000000 10000000 4 3 10000000 
10000000 10000000 10000000 10000000 10000000 10000000 10000000 10000000 6 0 10000000 10000000 10000000 10000000 10 10000000 10000000 10000000 0 10000000 10000000 10000000 18 10000000 3 10000000 10000000 10000000 10000000 10000000 19 10000000 
10000000 10000000 8 14 10000000 10000000 10000000 10000000 10000000 10000000 0 10000000 10000000 10000000 10000000 10000000 18 10000000 10000000 10000000 10000000 10000000 16 17 12 10000000 1 10000000 10000000 10000000 10000000 10000000 
10000000 7 10000000 12 10000000 10000000 10000000 10000000 10000000 10000000 10000000 0 10000000 9 10000000 6 10000000 3 10000000 10000000 10000000 2 13 10000000 10000000 6 10000000 5 4 10000000 10000000 10000000 
10000000 10000000 24 10000000 10000000 10000000 3 10000000 10000000 10000000 10000000 10000000 0 10000000 10000000 10000000 10000000 10000000 10000000 21 10000000 10000000 10000000 10000000 10000000 10000000 10000000 10000000 10000000 10000000 10000000 10000000 
10000000 10000000 10000000 10000000 10000000 10000000 18 10000000 10000000 10000000 10000000 20 10000000 0 10000000 10000000 10000000 10000000 10000000 10000000 10000000 10000000 10000000 10000000 10000000 10000000 10000000 20 10000000 10000000 21 10000000 
10000000 10000000 10000000 10000000 11 10000000 10000000 10000000 10000000 10000000 10000000 11 10000000 10000000 0 14 2 10000000 10000000 16 10000000 12 10000000 10000000 10000000 10000000 10000000 10000000 10000000 10000000 4 10000000 
10000000 22 23 13 10000000 10000000 10000000 20 10000000 21 10000000 10000000 10000000 2 23 0 6 10000000 10000000 10000000 10000000 6 10000000 10000000 4 10000000 14 10000000 10000000 10000000 13 10000000 
10000000 10000000 10000000 10000000 10000000 10000000 10000000 10000000 10000000 10000000 10000000 10000000 13 5 12 10000000 0 10000000 10000000 10000000 10000000 10000000 10000000 22 8 10000000 10000000 10000000 10000000 23 10000000 10000000 
9 10000000 10000000 10000000 10000000 10000000 9 10000000 16 10000000 7 10000000 10000000 3 10000000 10000000 23 0 10000000 10000000 10000000 10000000 17 10000000 10000000 10000000 7 10000000 11 10000000 10000000 10000000 
10000000 21 10000000 10000000 10000000 10000000 10000000 10000000 10000000 10000000 10000000 10000000 10000000 10000000 10000000 10000000 10000000 10000000 0 10000000 24 0 13 10000000 10000000 10000000 10000000 10000000 10000000 10000000 10000000 10000000 
10000000 10000000 18 17 10000000 10000000 10000000 10000000 10000000 10000000 23 10000000 10000000 10000000 10000000 11 10000000 10000000 10000000 0 10000000 10000000 8 10000000 10000000 10000000 10000000 10000000 10000000 15 1 10000000 
21 0 10000000 10000000 10000000 10000000 12 10000000 10000000 7 19 10000000 10000000 10000000 10000000 10000000 22 10000000 10000000 10 0 10000000 10000000 8 4 10000000 10000000 10000000 10000000 10000000 10000000 21 
10000000 10000000 15 10000000 10000000 10000000 10000000 10000000 10000000 9 10000000 10000000 19 10000000 16 10000000 10000000 21 10000000 16 10000000 0 10000000 22 10000000 10000000 3 10000000 10000000 21 10000000 14 
10000000 10000000 10000000 16 10000000 10000000 12 10000000 10000000 10000000 10000000 10000000 10000000 10000000 10000000 10000000 23 10000000 3 4 10000000 10000000 0 7 10000000 10000000 10000000 10000000 10000000 10000000 10000000 10000000 
21 10000000 10000000 10000000 10000000 17 10000000 10000000 10000000 10000000 10000000 10000000 10000000 10000000 7 10000000 10000000 10000000 10000000 10000000 10000000 10000000 10000000 0 15 10000000 10000000 10000000 10000000 2 10000000 2 
10000000 10000000 10000000 10000000 10000000 10000000 3 10000000 10000000 10000000 10000000 10000000 10000000 10000000 10000000 10000000 10000000 10000000 10000000 10000000 10000000 17 10000000 23 0 10000000 10000000 10000000 10000000 10000000 10000000 10000000 
10000000 10000000 4 15 10000000 10000000 7 10000000 9 10000000 10000000 10000000 10000000 10000000 10000000 10000000 10000000 23 10000000 10000000 10000000 17 10000000 10000000 10000000 0 23 10000000 10000000 10000000 10000000 10000000 
10000000 4 10000000 10000000 10000000 15 10000000 10000000 10000000 10000000 10000000 10000000 10000000 10000000 10000000 10000000 10000000 1 10000000 10000000 15 10000000 10000000 8 10000000 10000000 0 10000000 10000000 10000000 10000000 11 
10000000 10000000 10000000 10000000 10000000 12 10000000 10000000 1 23 10000000 10000000 10000000 10000000 10000000 10000000 10000000 10000000 10000000 18 10000000 10000000 10000000 10000000 10000000 10000000 10000000 0 10000000 14 9 2 
10000000 10000000 10000000 10000000 10000000 10000000 10000000 10000000 10000000 10000000 10000000 10000000 10000000 10000000 10000000 1 10000000 10000000 10000000 10000000 19 20 10000000 10000000 21 10000000 21 10000000 0 10000000 10000000 10000000 
10000000 10000000 10000000 10000000 10000000 10000000 10000000 10000000 10000000 19 10000000 8 21 10000000 10000000 10000000 10000000 10000000 10000000 10000000 10000000 10000000 10000000 10000000 10000000 10000000 10000000 10000000 10000000 0 24 11 
10000000 10000000 10000000 10000000 10000000 10000000 22 10000000 10000000 10000000 10000000 10000000 10000000 10000000 10000000 10000000 10000000 10000000 10000000 10000000 10000000 10000000 10000000 12 10000000 10000000 8 10000000 10000000 10000000 0 24 
10000000 10000000 10000000 15 10000000 10000000 10000000 21 10000000 10000000 10000000 4 24 10000000 10000000 17 10000000 10000000 10 10000000 24 10000000 10000000 10000000 10000000 8 10000000 3 10000000 10000000 10000000 0 
